0.0000000000000000
0.0000000000000000
0.0000000000000000
0.0000000000000000
0.0000000000000000
0.0000000000000000
0.0000000000000000
0.0000000000000000
0.0000000000000000
0.0000000000000000
0.0000000000000000
0.0000000000000000
0.0000000000000000
0.0000000000000000
0.0000000000000000
0.0000000000000000
0.0000000000000000
0.0000000000000000
0.0000000000000000
0.0000000000000000
0.0000000000000000
0.0000000000000000
0.0000000000000000
0.0000000000000000
0.0000000000000000
0.0000000000000000
0.0000000000000000
0.0000000000000000
0.0000000000000000
0.0000000000000000
0.0000000000000000
0.0000000000000000
0.0000000000000000
0.0000000000000000
0.0000000000000000
0.0000000000000000
0.0000000000000000
0.0000000000000000
0.0000000000000000
0.0000000000000000
0.0000000000000000
0.0000000000000000
0.0000000000000000
0.0000000000000000
0.0000000000000000
0.0000000000000000
0.0000000000000000
0.0000000000000000
0.0000000000000000
0.0000000000000000
0.0000000000000000
0.0000000000000000
0.0000000000000000
0.0000000000000000
0.0000000000000000
0.0000000000000000
0.0000000000000000
0.0000000000000000
0.0000000000000000
0.0000000000000000
0.0000000000000000
0.0000000000000000
0.0000000000000000
0.0000000000000000
0.0000000000000000
0.0000000000000000
0.0000000000000000
0.0000000000000000
0.0000000000000000
0.0000000000000000
0.0000000000000000
0.0000000000000000
0.0000000000000000
0.0000000000000000
0.0000000000000000
0.0000000000000000
0.0000000000000000
0.0000000000000000
0.0000000000000000
0.0000000000000000
0.0000000000000000
0.0000000000000000
0.0000000000000000
0.0000000000000000
0.0000000000000000
0.0000000000000000
0.0000000000000000
0.0000000000000000
0.0000000000000000
0.0000000000000000
0.0000000000000000
0.0000000000000000
0.0000000000000000
0.0000000000000000
0.0000000000000000
0.0000000000000000
0.0000000000000000
0.0000000000000000
0.0000000000000000
0.0000000000000000
0.0000000000000000
0.0000000000000000
0.0000000000000000
0.0000000000000000
0.0000000000000000
0.0000000000000000
0.0000000000000000
0.0000000000000000
0.0000000000000000
0.0000000000000000
0.0000000000000000
0.0000000000000000
0.0000000000000000
0.0000000000000000
0.0000000000000000
0.0000000000000000
0.0000000000000000
0.0000000000000000
0.0000000000000000
0.0000000000000000
0.0000000000000000
0.0000000000000000
0.0000000000000000
0.0000000000000000
0.0000000000000000
0.0000000000000000
0.0000000000000000
0.0000000000000000
0.0000000000000000
0.0000000000000000
0.0000000000000000
0.0000000000000000
0.0000000000000000
0.0000000000000000
0.0000000000000000
0.0000000000000000
0.0000000000000000
0.0000000000000000
0.0000000000000000
0.0000000000000000
0.0000000000000000
0.0000000000000000
0.0000000000000000
0.0000000000000000
0.0000000000000000
0.0000000000000000
0.0000000000000000
0.0000000000000000
0.0000000000000000
0.0000000000000000
0.0000000000000000
0.0000000000000000
0.0000000000000000
0.0000000000000000
0.0000000000000000
0.0000000000000000
0.0000000000000000
0.0000000000000000
0.0000000000000000
0.0000000000000000
0.0000000000000000
0.0000000000000000
0.0000000000000000
0.0000000000000000
0.0000000000000000
0.0000000000000000
0.0000000000000000
0.0000000000000000
0.0000000000000000
0.0000000000000000
0.0000000000000000
0.0000000000000000
0.0000000000000000
0.0000000000000000
0.0000000000000000
0.0000000000000000
0.0000000000000000
0.0000000000000000
0.0000000000000000
0.0000000000000000
0.0000000000000000
0.0000000000000000
0.0000000000000000
0.0000000000000000
0.0000000000000000
0.0000000000000000
0.0000000000000000
0.0000000000000000
0.0000000000000000
0.0000000000000000
0.0000000000000000
0.0000000000000000
0.0000000000000000
0.0000000000000000
0.0000000000000000
0.0000000000000000
0.0000000000000000
0.0000000000000000
0.0000000000000000
0.0000000000000000
1.4792334771203310
1.4339353463989339
0.3485963918253440
-0.0994501632035516
0.5227691061300690
0.8449852125085680
-0.2046541866365261
-1.6868048479185447
-1.8309702168509632
-0.4672804060554522
0.7410116382536340
0.5940098725885452
-0.0820342673149109
0.2025443850639357
1.3158773313994956
1.6128106300716341
0.3049270855376692
-1.3046619194852629
-1.5203568487435155
-0.5034312065295621
0.0961992997542750
-0.4414597320430038
-0.9162694970028126
-0.0517355680341830
1.5033042260057947
1.9314110249760792
0.7287455798062347
-0.6055535518267755
-0.6503276917437196
0.0461312548590610
-0.0700803999947115
-1.1713417134290844
-1.7027535028587493
-0.6016360799665563
1.0930218766626791
1.5708311073219825
0.6616396289817104
-0.0710693444507651
0.3551732562811123
0.9548503403224571
0.2948990629946873
-1.2859596604260199
-1.9849846807806393
-0.9814786750619849
0.4409984212969472
0.6873089667279179
0.0052105206871891
-0.0447585740616467
1.0061401317372796
1.7477721673343916
0.8821625641805669
-0.8494183935649013
-1.5820649190657305
-0.8173980799448308
0.0238765020957793
-0.2690280799755422
-0.9618697313716674
-0.5184714382579245
1.0411849642357880
1.9899002901982183
1.2179784365027526
-0.2508658436364993
-0.7011701093452493
-0.0682061937842795
0.1388369351141248
-0.8265224726546037
-1.7479456908390090
-1.1390410434436928
0.5799890272967451
1.5519196577883756
0.9646769227241233
0.0445130434228467
0.1879603620370940
0.9395505949664706
0.7169057816937532
-0.7761082910972743
-1.9457802920687026
-1.4310575642206755
0.0397156655681863
0.6889253654581409
0.1384951875188125
-0.2100179997822044
0.6389510336072945
1.7046960290370614
1.3655336493674333
-0.2917222302029726
-1.4795109076559321
-1.0974601278410865
-0.1322024364621605
-0.1165237747104901
-0.8910840038185975
-0.8856355842099752
0.4983423787389369
1.8536766005688812
1.6140794631091908
0.1869824316093467
-0.6485268135890978
-0.2113245761372103
0.2572226539119717
-0.4498713556817342
-1.6207180083645478
-1.5558347284527545
-0.0077533680193169
1.3652668368073042
1.2099684535507089
0.2363236840123518
0.0587055639166990
0.8204832567267868
1.0212013853085939
-0.2157409804155915
-1.7160406470704350
-1.7611794676174615
-0.4230137198655409
0.5789711251901765
0.2817481437680617
-0.2804472926288427
0.2654878057957727
1.4998681397620737
1.7052445809375980
0.3104018651173608
-1.2109428768017827
-1.2968781353291865
-0.3531354254154230
-0.0177657131219824
-0.7324104244932041
-1.1213376343432273
-0.0638502941185095
1.5366482756051021
1.8674629374579195
0.6616121801901720
-0.4803688468365074
-0.3448336953773765
0.2807407001222315
-0.0915517642179755
-1.3470164018327100
-1.8103066707943172
-0.6080274887612364
1.0195917746378240
1.3535271814647940
0.4781555445669628
-0.0038948472059566
0.6319819133197220
1.1850172030240647
0.3328403506203584
-1.3204819756994512
-1.9291733763634484
-0.8956767645604677
0.3539732922244567
0.3958708655525369
-0.2601410079955090
-0.0668302277266520
1.1678663793908444
1.8689038783779837
0.8925282954872263
-0.7954896238073442
-1.3761017566194573
-0.6063239492411798
0.0048321120239567
-0.5245603071639293
-1.2124524781866899
-0.5841279508969004
1.0735743808398956
1.9438247215111657
1.1180028676573519
-0.2021675685038580
-0.4305716393081663
0.2215753149560862
0.2053617630012773
-0.9687501994633448
-1.8803107679591220
-1.1561477341303368
0.5440200055251718
1.3617957878913098
0.7321897241516480
0.0153806723921750
0.4155402011027924
1.2050534880136841
0.8113181943293023
-0.8028182702571927
-1.9102931515974153
-1.3215211292001205
0.0284097564268535
0.4452560480469090
-0.1687258986536798
-0.3206896983076045
0.7564055348474266
1.8452003445071994
1.3917157004867591
-0.2715198276442238
-1.3089378262273668
-0.8501159509138436
-0.0561324832400429
-0.3101359117766898
-1.1653450162436478
-1.0089129985646998
0.5157494407997579
1.8288651254118204
1.4995353783563199
0.1628622358057220
-0.4370160244488252
0.1058681547335084
0.4105006907819849
-0.5377425170381691
-1.7656053254590356
-1.5928710563032384
-0.0149082141132450
1.2170803090463957
0.9544948121027252
0.1157945954803246
0.2131788428706730
1.0968460847892469
1.1724693676726068
-0.2203097253970990
-1.7012398430226443
-1.6459515071302335
-0.3663631724142479
0.4038511741114246
-0.0376864159161914
-0.4735780491732370
0.3196086964400880
1.6448354999735413
1.7542582078400266
0.3076104569668349
-1.0870476590590985
-1.0399651826269145
-0.1917805699339478
-0.1289318977317453
-1.0039164857325962
-1.2987203776605565
-0.0754019063484992
1.5304858671525090
1.7554893215586993
0.5761260175659357
-0.3447712219335231
-0.0309254009503887
0.5098172452884044
-0.1085601986988025
-1.4873542367198083
-1.8716912157480015
-0.5986173145083167
0.9209410746722992
1.1016247749522017
0.2806440088119652
0.0609276818222642
0.8915761734816803
1.3856551220778548
0.3633818441786023
-1.3209531994816059
-1.8238699595558467
-0.7856949583870999
0.2598610821998601
0.0950708275883094
-0.5201999233411190
-0.0893530478518288
1.2986185800356660
1.9422800085334515
0.8798907606990913
-0.7220993694973048
-1.1352290507949532
-0.3782105475691057
-0.0118363483052667
-0.7653042476552038
-1.4325552983405709
-0.6359695092110134
1.0781436215081697
1.8479722641785459
0.9883393755565990
-0.1503058409565019
-0.1500577902047310
0.5067277370148696
0.2687806868204291
-1.0848885956793939
-1.9645145583604995
-1.1435760164807898
0.4950167498474914
1.1373695362780734
0.4797392926542810
-0.0166321573641346
0.6308249351755738
1.4399876279275379
0.8860819715777470
-0.8085435297032770
-1.8259525336624116
-1.1772814246067969
0.0183743801326760
0.1915977076203800
-0.4723187836561517
-0.4252373861804007
0.8530126492860721
1.9383043057899139
1.3822490281338891
-0.2452199260899796
-1.1056248658532557
-0.5801078258599218
0.0237879640545201
-0.4938883928221760
-1.4097528377345654
-1.1074277559713965
0.5194247707808581
1.7573232993331596
1.3459293573072029
0.1326381361135842
-0.2159892656854661
0.4206707410736927
0.5552348721470269
-0.6101960879442254
-1.8649716398052147
-1.5891514430441922
-0.0208916165556816
1.0386788088619887
0.6740140165716489
-0.0099811524666095
0.3600542852459249
1.3447934319885930
1.2946928158508668
-0.2186200707079564
-1.6429881670343507
-1.4881084535204812
-0.2985072040899980
0.2202799465373358
-0.3560959976828403
-0.6563762647733025
0.3637613211951634
1.7471997984738061
1.7584051908333946
0.2962370599426538
-0.9364006692258010
-0.7561872449057283
-0.0234189935628371
-0.2344859441517125
-1.2490639017717418
-1.4436926351886625
-0.0857194870851756
1.4852312491527360
1.5982814595861217
0.4742122109563665
-0.2023991954314249
0.2833350593481595
0.7274097974421795
-0.1209075445490727
-1.5889370998385206
-1.8851994522671793
-0.5732711509298244
0.7998847538161876
0.8216012645854454
0.0740845143184410
0.1217624879882186
1.1273683030115222
1.5514856000888377
0.3853768728365839
-1.2876612610076514
-1.6717507395404143
-0.6541014854929741
0.1612581331818627
-0.2073552812473499
-0.7682404612880950
-0.1115216915839120
1.3952608886805729
1.9659437218712472
0.8442193829489844
-0.6314470329511319
-0.8656808382169672
-0.1388267790885105
-0.0257155937930893
-0.9851712391585014
-1.6164441298861689
-0.6723230202278969
1.0551119036428467
1.7048349302259598
0.8320835299240820
-0.0968119322513726
0.1331424834999150
0.7798996196736204
0.3272551896737927
-1.1722059416028507
-1.9983818109651117
-1.1013236188571245
0.4345786171678240
0.8844944632889349
0.2137282977306001
-0.0507033112213208
0.8283891734337020
1.6382815213035093
0.9389638029515677
-0.7935016511488751
-1.6950137308601134
-1.0018378173391729
0.0100823262369027
-0.0654932473220096
-0.7644741339759252
-0.5207878094378284
0.9265632636007216
1.9816629565008463
1.3370899123694835
-0.2138571952585232
-0.8749259686861552
-0.2943034301395063
0.1055207979062999
-0.6631696369152058
-1.6180339887498965
0.0000000000000000
0.0000000000000000
0.0000000000000000
0.0000000000000000
0.0000000000000000
0.0000000000000000
0.0000000000000000
0.0000000000000000
0.0000000000000000
0.0000000000000000
0.0000000000000000
0.0000000000000000
0.0000000000000000
0.0000000000000000
0.0000000000000000
0.0000000000000000
0.0000000000000000
0.0000000000000000
0.0000000000000000
0.0000000000000000
0.0000000000000000
0.0000000000000000
0.0000000000000000
0.0000000000000000
0.0000000000000000
0.0000000000000000
0.0000000000000000
0.0000000000000000
0.0000000000000000
0.0000000000000000
0.0000000000000000
0.0000000000000000
0.0000000000000000
0.0000000000000000
0.0000000000000000
0.0000000000000000
0.0000000000000000
0.0000000000000000
0.0000000000000000
0.0000000000000000
0.0000000000000000
0.0000000000000000
0.0000000000000000
0.0000000000000000
0.0000000000000000
0.0000000000000000
0.0000000000000000
0.0000000000000000
0.0000000000000000
0.0000000000000000
0.0000000000000000
0.0000000000000000
0.0000000000000000
0.0000000000000000
0.0000000000000000
0.0000000000000000
0.0000000000000000
0.0000000000000000
0.0000000000000000
0.0000000000000000
0.0000000000000000
0.0000000000000000
0.0000000000000000
0.0000000000000000
0.0000000000000000
0.0000000000000000
0.0000000000000000
0.0000000000000000
0.0000000000000000
0.0000000000000000
0.0000000000000000
0.0000000000000000
0.0000000000000000
0.0000000000000000
0.0000000000000000
0.0000000000000000
0.0000000000000000
0.0000000000000000
0.0000000000000000
0.0000000000000000
0.0000000000000000
0.0000000000000000
0.0000000000000000
0.0000000000000000
0.0000000000000000
0.0000000000000000
0.0000000000000000
0.0000000000000000
0.0000000000000000
0.0000000000000000
0.0000000000000000
0.0000000000000000
0.0000000000000000
0.0000000000000000
0.0000000000000000
0.0000000000000000
0.0000000000000000
0.0000000000000000
0.0000000000000000
0.0000000000000000
0.0000000000000000
0.0000000000000000
0.0000000000000000
0.0000000000000000
0.0000000000000000
0.0000000000000000
0.0000000000000000
0.0000000000000000
0.0000000000000000
0.0000000000000000
0.0000000000000000
0.0000000000000000
0.0000000000000000
0.0000000000000000
0.0000000000000000
0.0000000000000000
0.0000000000000000
0.0000000000000000
0.0000000000000000
0.0000000000000000
0.0000000000000000
0.0000000000000000
0.0000000000000000
0.0000000000000000
0.0000000000000000
0.0000000000000000
0.0000000000000000
0.0000000000000000
0.0000000000000000
0.0000000000000000
0.0000000000000000
0.0000000000000000
0.0000000000000000
0.0000000000000000
0.0000000000000000
0.0000000000000000
0.0000000000000000
0.0000000000000000
0.0000000000000000
0.0000000000000000
0.0000000000000000
0.0000000000000000
0.0000000000000000
0.0000000000000000
0.0000000000000000
0.0000000000000000
0.0000000000000000
0.0000000000000000
0.0000000000000000
0.0000000000000000
0.0000000000000000
0.0000000000000000
0.0000000000000000
0.0000000000000000
0.0000000000000000
0.0000000000000000
0.0000000000000000
0.0000000000000000
0.0000000000000000
0.0000000000000000
0.0000000000000000
0.0000000000000000
0.0000000000000000
0.0000000000000000
0.0000000000000000
0.0000000000000000
0.0000000000000000
0.0000000000000000
0.0000000000000000
0.0000000000000000
0.0000000000000000
0.0000000000000000
0.0000000000000000
0.0000000000000000
0.0000000000000000
0.0000000000000000
0.0000000000000000
0.0000000000000000
0.0000000000000000
0.0000000000000000
0.0000000000000000
0.0000000000000000
0.0000000000000000
0.0000000000000000
0.0000000000000000
0.0000000000000000
0.0000000000000000
0.0000000000000000
0.0000000000000000
0.0000000000000000
0.0000000000000000
0.0000000000000000
0.0000000000000000
0.0000000000000000
0.0000000000000000
0.0000000000000000
0.0000000000000000
0.0000000000000000
0.0000000000000000
0.0000000000000000
0.0000000000000000
0.0000000000000000
0.0000000000000000
0.0000000000000000
0.0000000000000000
0.0000000000000000
0.0000000000000000
0.0000000000000000
0.0000000000000000
0.0000000000000000
0.0000000000000000
0.0000000000000000
0.0000000000000000
0.0000000000000000
0.0000000000000000
0.0000000000000000
0.0000000000000000
0.0000000000000000
0.0000000000000000
0.0000000000000000
0.0000000000000000
0.0000000000000000
0.0000000000000000
0.0000000000000000
0.0000000000000000
0.0000000000000000
0.0000000000000000
0.0000000000000000
0.0000000000000000
0.0000000000000000
0.0000000000000000
0.0000000000000000
0.0000000000000000
0.0000000000000000
0.0000000000000000
0.0000000000000000
0.0000000000000000
0.0000000000000000
0.0000000000000000
0.0000000000000000
0.0000000000000000
0.0000000000000000
0.0000000000000000
0.0000000000000000
0.0000000000000000
0.0000000000000000
0.0000000000000000
0.0000000000000000
0.0000000000000000
0.0000000000000000
0.0000000000000000
0.0000000000000000
0.0000000000000000
0.0000000000000000
0.0000000000000000
0.0000000000000000
0.0000000000000000
0.0000000000000000
0.0000000000000000
0.0000000000000000
0.0000000000000000
0.0000000000000000
0.0000000000000000
0.0000000000000000
0.0000000000000000
0.0000000000000000
0.0000000000000000
0.0000000000000000
0.0000000000000000
0.0000000000000000
0.0000000000000000
0.0000000000000000
0.0000000000000000
0.0000000000000000
0.0000000000000000
0.0000000000000000
0.0000000000000000
0.0000000000000000
0.0000000000000000
0.0000000000000000
0.0000000000000000
0.0000000000000000
0.0000000000000000
0.0000000000000000
0.0000000000000000
0.0000000000000000
0.0000000000000000
0.0000000000000000
0.0000000000000000
0.0000000000000000
0.0000000000000000
0.0000000000000000
0.0000000000000000
0.0000000000000000
0.0000000000000000
0.0000000000000000
0.0000000000000000
0.0000000000000000
0.0000000000000000
0.0000000000000000
0.0000000000000000
0.0000000000000000
0.0000000000000000
0.0000000000000000
0.0000000000000000
0.0000000000000000
0.0000000000000000
0.0000000000000000
0.0000000000000000
0.0000000000000000
0.0000000000000000
0.0000000000000000
0.0000000000000000
0.0000000000000000
0.0000000000000000
0.0000000000000000
0.0000000000000000
0.0000000000000000
0.0000000000000000
0.0000000000000000
0.0000000000000000
0.0000000000000000
0.0000000000000000
0.0000000000000000
0.0000000000000000
0.0000000000000000
0.0000000000000000
0.0000000000000000
0.0000000000000000
0.0000000000000000
0.0000000000000000
0.0000000000000000
0.0000000000000000
0.0000000000000000
0.0000000000000000
0.0000000000000000
0.0000000000000000
0.0000000000000000
0.0000000000000000
0.0000000000000000
0.0000000000000000
0.0000000000000000
0.0000000000000000
0.0000000000000000
0.0000000000000000
0.0000000000000000
0.0000000000000000
0.0000000000000000
0.0000000000000000
0.0000000000000000
0.0000000000000000
0.0000000000000000
0.0000000000000000
0.0000000000000000
0.0000000000000000
0.0000000000000000
0.0000000000000000
0.0000000000000000
0.0000000000000000
0.0000000000000000
0.0000000000000000
0.0000000000000000
0.0000000000000000
0.0000000000000000
0.0000000000000000
0.0000000000000000
0.0000000000000000
0.0000000000000000
0.0000000000000000
0.0000000000000000
0.0000000000000000
0.0000000000000000
0.0000000000000000
0.0000000000000000
0.0000000000000000
0.0000000000000000
0.0000000000000000
0.0000000000000000
0.0000000000000000
0.0000000000000000
0.0000000000000000
0.0000000000000000
0.0000000000000000
0.0000000000000000
0.0000000000000000
0.0000000000000000
0.0000000000000000
0.0000000000000000
0.0000000000000000
0.0000000000000000
0.0000000000000000
0.0000000000000000
0.0000000000000000
0.0000000000000000
0.0000000000000000
0.0000000000000000
0.0000000000000000
0.0000000000000000
0.0000000000000000
0.0000000000000000
1.5273071977017032
1.4805221180493957
0.3216558468318715
-0.2526590249504092
0.2467656799332554
0.5195115812411473
-0.4552490001682251
-1.7338564740532179
-1.5987629612660732
0.0228440092770917
1.3603886221871149
1.1390838709629774
0.1777754407343684
0.0387024013679620
0.7251694816013277
0.7462611298164452
-0.5686720420159005
-1.8828182146345847
-1.5720174920584720
0.0414681686928616
1.1067599901530056
0.7310992631075129
0.0335589523199716
0.3369196657271912
1.1591261749731738
0.9202907962183603
-0.6528235852516040
-1.9174780310180508
-1.4504171859155264
0.0520833774406705
0.7807361884849443
0.2820436935873046
-0.1016576602338463
0.6233600480754218
1.5220645550423164
1.0326639684670540
-0.7000759431460135
-1.8349081284695155
-1.2430835217585250
0.0517250326289973
0.4013831975256790
-0.1802930747104090
-0.2197608416149341
0.8795846197941148
1.7918031484119776
1.0785726920882137
-0.7048955302039998
-1.6394116506753333
-0.9642485656861995
0.0385757039423625
-0.0086056280107509
-0.6275413032555834
-0.3143506453840188
1.0885415418206954
1.9519179440536658
1.0575097181604916
-0.6643438655504985
-1.3423022340600244
-0.6322831503452555
0.0121882918865225
-0.4242791776493550
-1.0325074320327774
-0.3810859489213456
1.2357015923392243
1.9927514031177469
0.9731609521321877
-0.5784184529080675
-0.9612447151486259
-0.2684838141766980
-0.0264108602645877
-0.8199606972117490
-1.3708423667448792
-0.4178651649448127
1.3100602661823069
1.9120002151620350
0.8330333035419152
-0.4502027763836187
-0.5191957014151201
0.1043012468127549
-0.0747498362512915
-1.1708474885065396
-1.6225186494218580
-0.4248364166381372
1.3049377624313974
1.7148457088231086
0.6478497552586167
-0.2858071128002668
-0.0430081120908725
0.4631181118359008
-0.1290703851656427
-1.4545777197124294
-1.7730260905080686
-0.4042436921442631
1.2185198354358302
1.4136195013747304
0.4307577793015179
-0.0940960027454923
0.4382147226521552
0.7863328032609003
-0.1846082164706079
-1.6526646575195181
-1.8142138523337421
-0.3601272100221030
1.0540981505988190
1.0270260717857589
0.1964081375006010
0.1137869100688634
0.8949136295531057
1.0549474040874833
-0.2359740119881716
-1.7517058044537790
-1.7447297617401318
-0.2979062856615153
0.8199875041609229
0.5789716294458011
-0.0400320236014609
0.3250713953243357
1.2989052133602910
1.2537258386821524
-0.2776062352968107
-1.7442875954613029
-1.5700333171150729
-0.2238807000318966
0.5291178603842883
0.0970731816865706
-0.2638654033578054
0.5261519976369428
1.6251360773539365
1.3720620323170296
-0.3042603625969652
-1.6295247000694202
-1.3019857935684331
-0.1446914289887259
0.1983203090933775
-0.3890584633513809
-0.4617857113822247
0.7034687891790009
1.8532495584805186
1.4045407239505043
-0.3114953492203685
-1.4131954691188886
-0.9580473249776820
-0.0667833016889823
-0.1526536296854546
-0.8496541264317160
-0.6226755815250720
0.8444202314896171
1.9688662227693621
1.3511616303844236
-0.2961173131678495
-1.1074602615256615
-0.5601351827086913
0.0040893382765601
-0.5023217800893979
-1.2566253914184140
-0.7382329605221438
0.9382467772778904
1.9644969677399007
1.2172195900489966
-0.2565426732095468
-0.7301757020787575
-0.1332181576922800
0.0632774202856690
-0.8287978501001205
-1.5852928482932915
-0.8033905526288961
0.9768238767291783
1.8400303583338711
1.0128553171052312
-0.1930482067189777
-0.3038436835851692
0.2962622891834474
0.1075429950867322
-1.1111721177691913
-1.8158961803924356
-0.8165077687747259
0.9553073114427419
1.6027623571989686
0.7523120556047602
-0.1078833507736051
0.1457425172493221
0.7020435630322784
0.1352359737850158
-1.3308585278331804
-1.9347928754498156
-0.7793304561825465
0.8725820772669236
1.2669652317944928
0.4529514333660229
-0.0052300173671156
0.5910728179209744
1.0596621760209071
0.1463321371214063
-1.4728209576308215
-1.9352721884196833
-0.6967293798716855
0.7314779072025175
0.8530213254199940
0.1340960633525530
0.1089934758116377
1.0046186217379858
1.3479418718477323
0.1423338667162972
-1.5265975823175286
-1.8179353633366970
-0.5762429324161398
0.5387292435489008
0.3861747398542277
-0.1842239235694283
0.2274758638060306
1.3605490793623587
1.5502582969624119
0.1260458044211717
-1.4870538092573242
-1.5906204761756904
-0.4274619090017635
0.3046740995067099
-0.1050219395516374
-0.4825387432012603
0.3419837061902685
1.6363574516400412
1.6555040221552022
0.1012472769448731
-1.3548104968925574
-1.2678788529758864
-0.2613036151355169
0.0427037078754910
-0.5904694689137759
-0.7431404029884857
0.4439289984184844
1.8142944110994796
1.6586974906204328
0.0722911166264921
-1.1363141433835051
-0.8700380383917201
-0.0892285062381849
-0.2315080287021671
-1.0403826707851986
-0.9511429492100509
0.5249947327631442
1.8825164140440163
1.5612025659220476
0.0436638953900839
-0.8435381859787450
-0.4219119743970473
0.0775453237279443
-0.5009506646417037
-1.4271340464148854
-1.0953374693613098
0.5777737543812256
1.8358744922804346
1.3705502706027903
0.0195451818015852
-0.4933280741089727
0.0487592117622689
0.2287762298647991
-0.7483412893879582
-1.7269651920986635
-1.1687924377020122
0.5963736348961781
1.6762909034707012
1.0998794394932678
0.0034030567074551
-0.1064258581976100
0.5130409683304770
0.3558334875831614
-0.9572394669510392
-1.9214591074657992
-1.1691675020321965
0.5769410751839744
1.4126966729156358
0.7670367617813754
-0.0023401695260464
0.2937688299080432
0.9425986488787272
0.4521925096284815
-1.1131407451089210
-1.9986813868139506
-1.0987279977041797
0.5180635798996562
1.0605305546580319
0.3933975604014431
0.0034559624060819
0.6826267367396899
1.3114422034556321
0.5137622218947764
-1.2044759482811367
-1.9539189836433628
-0.9640670563910005
0.4210135993122268
0.6408276009950955
0.0024853656713842
0.0205320566938791
1.0358179671730976
1.5975128677181383
0.5390287231972370
-1.2234478216922824
-1.7899704290998431
-0.7755608668166782
0.2898105525465816
0.1789515994523734
-0.3815201262106592
0.0472391286010907
1.3308462729512307
1.7840141176600364
0.5290127955577122
-1.1666456121520168
-1.5169694778625828
-0.5465992406296563
0.1310884645954536
-0.2969515522006643
-0.7352914252843700
0.0806768453310971
1.5484911851582299
1.8604058606664615
0.4870520396578290
-1.0353913522827480
-1.1517533768453103
-0.2926470981882388
-0.0462294638291355
-0.7576843789741379
-1.0377830948672029
0.1169489549044527
1.6740650059354465
1.8230025141194890
0.4184304599182310
-0.8357881710990434
-0.7168154583933417
-0.0302020025486318
-0.2314341202400492
-1.1748049377855501
-1.2714946567860324
0.1515154316048343
1.6984021808986678
1.6751408774604113
0.3298883917204612
-0.5784598540445123
-0.2389077519405107
0.2242821016925801
-0.4126830885518825
-1.5223977056391516
-1.4234900910828499
0.1796127376329566
1.6185145071920188
1.4269109120922532
0.2290530838321452
-0.2779909128848619
0.2526188518683631
0.4554344748783949
-0.5777624754337732
-1.7786970819849559
-1.4861140907995867
0.1967076627529418
1.4378660359414388
1.0944699727622333
0.1238345580645686
0.0479037057942346
0.7276330366654398
0.6499043397689197
-0.7149086810564296
-1.9274610043484481
-1.4573653974169480
0.1989469302525313
1.1662451450805940
0.6989869495581061
0.0218323325298814
0.3794317649310039
1.1570864822227402
0.7971372084871179
-0.8136348948990454
-1.9590073585957595
-1.3409099061915017
0.1835644240765590
0.8192366102494807
0.2652855557651316
-0.0702037749678770
0.6959365797980139
1.5148060492600015
0.8899453031243247
-0.8655048583446777
-1.8708466350635629
-1.1457393291330646
0.1492105548702203
0.4173219802694198
-0.1797257803411241
-0.1468210017051593
0.9771945801575099
1.7791032012202410
0.9248414049835917
-0.8647981593053011
-1.6678693488145391
-0.8855035470392163
0.0961737732761722
-0.0153394638089981
-0.6087374058750535
-0.2041894649293247
1.2047154627951859
1.9341008317358153
0.9021219155661442
-0.8090169943749843
0.0000000000000000
0.0000000000000000
0.0000000000000000
0.0000000000000000
0.0000000000000000
0.0000000000000000
0.0000000000000000
0.0000000000000000
0.0000000000000000
0.0000000000000000
0.0000000000000000
0.0000000000000000
0.0000000000000000
0.0000000000000000
0.0000000000000000
0.0000000000000000
0.0000000000000000
0.0000000000000000
0.0000000000000000
0.0000000000000000
0.0000000000000000
0.0000000000000000
0.0000000000000000
0.0000000000000000
0.0000000000000000
0.0000000000000000
0.0000000000000000
0.0000000000000000
0.0000000000000000
0.0000000000000000
0.0000000000000000
0.0000000000000000
0.0000000000000000
0.0000000000000000
0.0000000000000000
0.0000000000000000
0.0000000000000000
0.0000000000000000
0.0000000000000000
0.0000000000000000
0.0000000000000000
0.0000000000000000
0.0000000000000000
0.0000000000000000
0.0000000000000000
0.0000000000000000
0.0000000000000000
0.0000000000000000
0.0000000000000000
0.0000000000000000
0.0000000000000000
0.0000000000000000
0.0000000000000000
0.0000000000000000
0.0000000000000000
0.0000000000000000
0.0000000000000000
0.0000000000000000
0.0000000000000000
0.0000000000000000
0.0000000000000000
0.0000000000000000
0.0000000000000000
0.0000000000000000
0.0000000000000000
0.0000000000000000
0.0000000000000000
0.0000000000000000
0.0000000000000000
0.0000000000000000
0.0000000000000000
0.0000000000000000
0.0000000000000000
0.0000000000000000
0.0000000000000000
0.0000000000000000
0.0000000000000000
0.0000000000000000
0.0000000000000000
0.0000000000000000
0.0000000000000000
0.0000000000000000
0.0000000000000000
0.0000000000000000
0.0000000000000000
0.0000000000000000
0.0000000000000000
0.0000000000000000
0.0000000000000000
0.0000000000000000
0.0000000000000000
0.0000000000000000
0.0000000000000000
0.0000000000000000
0.0000000000000000
0.0000000000000000
0.0000000000000000
0.0000000000000000
0.0000000000000000
0.0000000000000000
0.0000000000000000
0.0000000000000000
0.0000000000000000
0.0000000000000000
0.0000000000000000
0.0000000000000000
0.0000000000000000
0.0000000000000000
0.0000000000000000
0.0000000000000000
0.0000000000000000
0.0000000000000000
0.0000000000000000
0.0000000000000000
0.0000000000000000
0.0000000000000000
0.0000000000000000
0.0000000000000000
0.0000000000000000
0.0000000000000000
0.0000000000000000
0.0000000000000000
0.0000000000000000
0.0000000000000000
0.0000000000000000
0.0000000000000000
0.0000000000000000
0.0000000000000000
0.0000000000000000
0.0000000000000000
0.0000000000000000
0.0000000000000000
0.0000000000000000
0.0000000000000000
0.0000000000000000
0.0000000000000000
0.0000000000000000
0.0000000000000000
0.0000000000000000
0.0000000000000000
0.0000000000000000
0.0000000000000000
0.0000000000000000
0.0000000000000000
0.0000000000000000
0.0000000000000000
0.0000000000000000
0.0000000000000000
0.0000000000000000
0.0000000000000000
0.0000000000000000
0.0000000000000000
0.0000000000000000
0.0000000000000000
0.0000000000000000
0.0000000000000000
0.0000000000000000
0.0000000000000000
0.0000000000000000
0.0000000000000000
0.0000000000000000
0.0000000000000000
0.0000000000000000
0.0000000000000000
0.0000000000000000
0.0000000000000000
0.0000000000000000
0.0000000000000000
0.0000000000000000
0.0000000000000000
0.0000000000000000
0.0000000000000000
0.0000000000000000
0.0000000000000000
0.0000000000000000
0.0000000000000000
0.0000000000000000
0.0000000000000000
0.0000000000000000
0.0000000000000000
0.0000000000000000
0.0000000000000000
0.0000000000000000
0.0000000000000000
0.0000000000000000
0.0000000000000000
0.0000000000000000
0.0000000000000000
0.0000000000000000
0.0000000000000000
0.0000000000000000
0.0000000000000000
0.0000000000000000
0.0000000000000000
0.0000000000000000
0.0000000000000000
0.0000000000000000
0.0000000000000000
0.0000000000000000
0.0000000000000000
0.0000000000000000
0.0000000000000000
0.0000000000000000
0.0000000000000000
0.0000000000000000
0.0000000000000000
0.0000000000000000
0.0000000000000000
0.0000000000000000
0.0000000000000000
0.0000000000000000
0.0000000000000000
0.0000000000000000
0.0000000000000000
0.0000000000000000
0.0000000000000000
0.0000000000000000
0.0000000000000000
0.0000000000000000
0.0000000000000000
0.0000000000000000
0.0000000000000000
0.0000000000000000
0.0000000000000000
0.0000000000000000
0.0000000000000000
0.0000000000000000
0.0000000000000000
0.0000000000000000
0.0000000000000000
0.0000000000000000
0.0000000000000000
0.0000000000000000
0.0000000000000000
0.0000000000000000
0.0000000000000000
0.0000000000000000
0.0000000000000000
0.0000000000000000
0.0000000000000000
0.0000000000000000
0.0000000000000000
0.0000000000000000
0.0000000000000000
0.0000000000000000
0.0000000000000000
0.0000000000000000
0.0000000000000000
0.0000000000000000
0.0000000000000000
0.0000000000000000
0.0000000000000000
0.0000000000000000
0.0000000000000000
0.0000000000000000
0.0000000000000000
0.0000000000000000
0.0000000000000000
0.0000000000000000
0.0000000000000000
0.0000000000000000
0.0000000000000000
0.0000000000000000
0.0000000000000000
0.0000000000000000
0.0000000000000000
0.0000000000000000
0.0000000000000000
0.0000000000000000
0.0000000000000000
0.0000000000000000
0.0000000000000000
0.0000000000000000
0.0000000000000000
0.0000000000000000
0.0000000000000000
0.0000000000000000
0.0000000000000000
0.0000000000000000
0.0000000000000000
0.0000000000000000
0.0000000000000000
0.0000000000000000
0.0000000000000000
0.0000000000000000
0.0000000000000000
0.0000000000000000
0.0000000000000000
0.0000000000000000
0.0000000000000000
0.0000000000000000
0.0000000000000000
0.0000000000000000
0.0000000000000000
0.0000000000000000
0.0000000000000000
0.0000000000000000
0.0000000000000000
0.0000000000000000
0.0000000000000000
0.0000000000000000
0.0000000000000000
0.0000000000000000
0.0000000000000000
0.0000000000000000
0.0000000000000000
0.0000000000000000
0.0000000000000000
0.0000000000000000
0.0000000000000000
0.0000000000000000
0.0000000000000000
0.0000000000000000
0.0000000000000000
0.0000000000000000
0.0000000000000000
0.0000000000000000
0.0000000000000000
0.0000000000000000
0.0000000000000000
0.0000000000000000
0.0000000000000000
0.0000000000000000
0.0000000000000000
0.0000000000000000
0.0000000000000000
0.0000000000000000
0.0000000000000000
0.0000000000000000
0.0000000000000000
0.0000000000000000
0.0000000000000000
0.0000000000000000
0.0000000000000000
0.0000000000000000
0.0000000000000000
0.0000000000000000
0.0000000000000000
0.0000000000000000
0.0000000000000000
0.0000000000000000
0.0000000000000000
0.0000000000000000
0.0000000000000000
0.0000000000000000
0.0000000000000000
0.0000000000000000
0.0000000000000000
0.0000000000000000
0.0000000000000000
0.0000000000000000
0.0000000000000000
0.0000000000000000
0.0000000000000000
0.0000000000000000
0.0000000000000000
0.0000000000000000
0.0000000000000000
0.0000000000000000
0.0000000000000000
0.0000000000000000
0.0000000000000000
0.0000000000000000
0.0000000000000000
0.0000000000000000
0.0000000000000000
0.0000000000000000
0.0000000000000000
0.0000000000000000
0.0000000000000000
0.0000000000000000
0.0000000000000000
0.0000000000000000
0.0000000000000000
0.0000000000000000
0.0000000000000000
0.0000000000000000
0.0000000000000000
0.0000000000000000
0.0000000000000000
0.0000000000000000
0.0000000000000000
0.0000000000000000
0.0000000000000000
0.0000000000000000
0.0000000000000000
0.0000000000000000
0.0000000000000000
0.0000000000000000
0.0000000000000000
0.0000000000000000
0.0000000000000000
0.0000000000000000
0.0000000000000000
0.0000000000000000
0.0000000000000000
0.0000000000000000
0.0000000000000000
0.0000000000000000
0.0000000000000000
1.5790721049439953
1.5181765982016548
0.2573095835846190
-0.4655876741840287
-0.0735590128810947
0.2209483886923712
-0.5674358607591983
-1.5433087576096165
-1.1116762928885118
0.6534372637677776
1.8803859106224765
1.2965676312176206
-0.1585285754779617
-0.7229287815750362
-0.1959528275194435
0.0364292279639241
-0.7420056318717335
-1.3870423645188976
-0.5448352819287036
1.2244272958538196
1.9700433372710449
0.8921651832109116
-0.6286111379614625
-0.9374997433355758
-0.2490842224005204
-0.0568844910396329
-0.7762922548741357
-1.0894536469373075
0.0440284280464489
1.6424121947250798
1.8307625479640250
0.3466843662198589
-1.0871825039754410
-1.0557774180284851
-0.2022816121099246
-0.0494026901223271
-0.6898621338123181
-0.7080646002729749
0.5783853170890645
1.8587687554322159
1.4765662157952724
-0.2753326799630521
-1.4642423577527821
-1.0362091921748344
-0.0452502771186177
0.0457767020712393
-0.5216724549326033
-0.3078085831772009
0.9938289954515365
1.8534617606420145
0.9510686223141359
-0.8954510593574314
-1.6966973202764950
-0.8575240778629863
0.2090323002616871
0.1958149674624209
-0.3220104475732912
0.0497974711576209
1.2471013065977117
1.6373006222303541
0.3212799776315990
-1.4326496783652927
-1.7388107370383996
-0.5238675057837088
0.5255925526164524
0.3546820572722349
-0.1427104830255388
0.3164833474966231
1.3215326560660516
1.2494975795077685
-0.3321182671037533
-1.8152468298493263
-1.5702269306239529
-0.0658059091324292
0.8527558390309535
0.4721542943461192
-0.0273591504121343
0.4644606360427208
1.2281145879529158
0.7509734464795575
-0.9265141913206395
-1.9915767834831564
-1.2002165363748167
0.4630768021580405
1.1306199531961758
0.5036850114020099
-0.0031842295191630
0.4899195982113126
1.0021396968617990
0.2145283634380863
-1.3892932548957886
-1.9377356228790223
-0.6673846822658493
0.9935395359179232
1.3013150840037553
0.4194169950811134
-0.0760246372770906
0.4122843563244497
0.6960652573936068
-0.2865184296590074
-1.6681021629125214
-1.6611724909870187
-0.0348076429682538
1.4508874916909829
1.3193353991113701
0.2107417191923787
-0.2292455742685283
0.2694405360167734
0.3698633529896806
-0.6893922092109619
-1.7378726952605605
-1.1995582776623799
0.6187013771264576
1.7664196646390651
1.1601885243900321
-0.1067836519575740
-0.4267856298995105
0.1098257312856117
0.0805130302537969
-0.9508764916505582
-1.6035562110096571
-0.6151115604709714
1.2098702689751071
1.8882934226051509
0.8258623921817267
-0.4947415753956572
-0.6198138619380419
-0.0172040924702558
-0.1275941260586551
-1.0528818411436682
-1.2982118108613110
0.0147197708217587
1.6630473469110512
1.7900481654887628
0.3461141489999991
-0.8972507915100162
-0.7558533717886938
-0.0710363273210480
-0.2297419804249692
-1.0037566092395800
-0.8768359423480693
0.6087496084539765
1.9212031349145211
1.4753862692839979
-0.2247388327873740
-1.2496282693559795
-0.7887977306852250
-0.0277992378569838
-0.2243197842955380
-0.8352352105731806
-0.4069973500601208
1.0939106515471750
1.9541412588099192
0.9783962753397961
-0.8151106006311049
-1.4889270295936157
-0.6880801655882733
0.1147082379496441
-0.1320723316454030
-0.5956380383371611
0.0421608797686487
1.4156270126866617
1.7626459796036578
0.3591260217606804
-1.3464312726162808
-1.5646232800595281
-0.4453813738511744
0.3360323169993105
0.0086385369103665
-0.3405471186660282
0.4107508991005854
1.5451061801137405
1.3779388789218308
-0.3048449533383747
-1.7448325336899164
-1.4476726887306350
-0.0776603786727680
0.5962292728999810
0.1496930548701431
-0.1225831949181130
0.6570562636077224
1.4824634506600551
0.8565617426482035
-0.9295443158313026
-1.9523945543256598
-1.1363963165974833
0.3741011708025019
0.8426721446269843
0.2427970530762773
0.0179620268382898
0.7631305036687653
1.2552725522638282
0.2715261222642927
-1.4367332636272145
-1.9361646869199378
-0.6581539874505209
0.8503371680956634
1.0193638242614274
0.2491020446289226
0.0600499921067873
0.7362415824538306
0.9128764165003219
-0.2988446815600632
-1.7651382574249874
-1.6934984208199730
-0.0664365080652612
1.2817101939844868
1.0771807570070933
0.1471674906454822
0.0052170130388154
0.6060253464834946
0.5174709869449559
-0.7826027165970191
-1.8790500449764904
-1.2528493655791006
0.5662513475702071
1.5999157493696536
0.9832932758648605
-0.0621494847470583
-0.1232435264330178
0.4179264886274292
0.1334821166000116
-1.1245490551260775
-1.7729743763444927
-0.6698546045292382
1.1586587457579620
1.7487405354999899
0.7281235037157563
-0.3547722874939062
-0.2850662081034162
0.2241184296293932
-0.1829908282567086
-1.2936852756380266
-1.4716511151138292
-0.0193081925793824
1.6326294011247424
1.6935676322161664
0.3285922565383969
-0.6866735780288834
-0.4309150722139817
0.0735029197628119
-0.3929309711384045
-1.2866258158881045
-1.0254976958479962
0.6157320850980526
1.9246690444788546
1.4277477851891212
-0.1729907890321871
-1.0008430543489581
-0.5120164591704143
0.0025290793391497
-0.4799507715576405
-1.1265225613599847
-0.5022589726518103
1.1560070229956070
1.9954230817837608
0.9747435525918813
-0.7143228951082211
-1.2368264815423284
-0.4898373160323299
0.0284180172786229
-0.4517754967230939
-0.8577876020433839
0.0237592142576533
1.5374101102443367
1.8355700230996095
0.3856234520174288
-1.2220069280787582
-1.3412561066949626
-0.3441063894539234
0.1459596083491650
-0.3375002711990425
-0.5375803422607011
0.4831269566859969
1.7198782472603051
1.4672000133536298
-0.2677721176132856
-1.6225792923401059
-1.2776011417938213
-0.0777464781914391
0.3284330795533270
-0.1811702381670333
-0.2255399167911246
0.8215688990190428
1.6924671244053058
0.9404620478575787
-0.9029736597475435
-1.8539229593496160
-1.0334695222435251
0.2822002987045287
0.5324957313238767
-0.0328489845593264
0.0264903562289152
1.0074701057094417
1.4738775868407328
0.3260126145471806
-1.4387775181370768
-1.8752330804984245
-0.6241735117078094
0.6879003393581571
0.7062026850165886
0.0612429468835248
0.1830251604828681
1.0354695143218173
1.1084314978703373
-0.2955387139813121
-1.8070479529163133
-1.6739127704816417
-0.0918706259579268
1.0778369422680401
0.7987790122832705
0.0677886858265379
0.2303753039631896
0.9256572257079988
0.6582223616090987
-0.8455219737209553
-1.9625889078090126
-1.2682524932483483
0.4996896784459562
1.3865807265677339
0.7704548128493499
-0.0269529658675531
0.1780939032865507
0.7186201975815446
0.1927691853860841
-1.2585728541173986
-1.8895508940462111
-0.7054117478215334
1.0740617340134635
1.5556382258687775
0.6006463924956205
-0.2140412491798043
0.0562465572134599
0.4672614767306083
-0.2221157345409319
-1.4917076573497350
-1.6033877512614478
-0.0549688962993835
1.5532847882620548
1.5435884131718884
0.2930283017471345
-0.4628803445730346
-0.0909680767273379
0.2268391367072312
-0.5344341993233638
-1.5297264394285075
-1.1480848584356587
0.6009871883120059
1.8696034180800107
1.3338053976726529
-0.1234507067500389
-0.7262401793429401
-0.2141021614522867
0.0449475245683202
-0.7134700651404349
-1.3861669403200283
-0.5891300774985867
1.1796964697218730
1.9758730402229101
0.9384362388205568
-0.5978831592715768
-0.9484460657036187
-0.2682779106826133
-0.0468491132972600
-0.7534618576407793
-1.0997556842789857
-0.0033698747926875
1.6096617505776389
1.8529883148495725
0.3978965312832832
-1.0646010284617071
-1.0753619453582830
-0.2222144055984263
-0.0383185272486183
-0.6729681096195755
-0.7270283253388241
0.5326227736605413
1.8408264704283681
1.5131343448492716
-0.2241330440193880
-1.4531510878134217
-1.0644699610813855
-0.0648672952482422
0.0580815697396407
-0.5101355201068174
-0.3324005572170643
0.9538226845765470
1.8514278785120464
0.9983186277857855
-0.8494960368459158
-1.6994618049099688
-0.8933098899285505
0.1915106060854819
0.2099911196561635
-0.3147604447278329
0.0226351185605408
1.2159027178730368
1.6504905262068315
0.3743894168103946
-1.3968022466674552
0.0000000000000000
0.0000000000000000
0.0000000000000000
0.0000000000000000
0.0000000000000000
0.0000000000000000
0.0000000000000000
0.0000000000000000
0.0000000000000000
0.0000000000000000
0.0000000000000000
0.0000000000000000
0.0000000000000000
0.0000000000000000
0.0000000000000000
0.0000000000000000
0.0000000000000000
0.0000000000000000
0.0000000000000000
0.0000000000000000
0.0000000000000000
0.0000000000000000
0.0000000000000000
0.0000000000000000
0.0000000000000000
0.0000000000000000
0.0000000000000000
0.0000000000000000
0.0000000000000000
0.0000000000000000
0.0000000000000000
0.0000000000000000
0.0000000000000000
0.0000000000000000
0.0000000000000000
0.0000000000000000
0.0000000000000000
0.0000000000000000
0.0000000000000000
0.0000000000000000
0.0000000000000000
0.0000000000000000
0.0000000000000000
0.0000000000000000
0.0000000000000000
0.0000000000000000
0.0000000000000000
0.0000000000000000
0.0000000000000000
0.0000000000000000
0.0000000000000000
0.0000000000000000
0.0000000000000000
0.0000000000000000
0.0000000000000000
0.0000000000000000
0.0000000000000000
0.0000000000000000
0.0000000000000000
0.0000000000000000
0.0000000000000000
0.0000000000000000
0.0000000000000000
0.0000000000000000
0.0000000000000000
0.0000000000000000
0.0000000000000000
0.0000000000000000
0.0000000000000000
0.0000000000000000
0.0000000000000000
0.0000000000000000
0.0000000000000000
0.0000000000000000
0.0000000000000000
0.0000000000000000
0.0000000000000000
0.0000000000000000
0.0000000000000000
0.0000000000000000
0.0000000000000000
0.0000000000000000
0.0000000000000000
0.0000000000000000
0.0000000000000000
0.0000000000000000
0.0000000000000000
0.0000000000000000
0.0000000000000000
0.0000000000000000
0.0000000000000000
0.0000000000000000
0.0000000000000000
0.0000000000000000
0.0000000000000000
0.0000000000000000
0.0000000000000000
0.0000000000000000
0.0000000000000000
0.0000000000000000
0.0000000000000000
0.0000000000000000
0.0000000000000000
0.0000000000000000
0.0000000000000000
0.0000000000000000
0.0000000000000000
0.0000000000000000
0.0000000000000000
0.0000000000000000
0.0000000000000000
0.0000000000000000
0.0000000000000000
0.0000000000000000
0.0000000000000000
0.0000000000000000
0.0000000000000000
0.0000000000000000
0.0000000000000000
0.0000000000000000
0.0000000000000000
0.0000000000000000
0.0000000000000000
0.0000000000000000
0.0000000000000000
0.0000000000000000
0.0000000000000000
0.0000000000000000
0.0000000000000000
0.0000000000000000
0.0000000000000000
0.0000000000000000
0.0000000000000000
0.0000000000000000
0.0000000000000000
0.0000000000000000
0.0000000000000000
0.0000000000000000
0.0000000000000000
0.0000000000000000
0.0000000000000000
0.0000000000000000
0.0000000000000000
0.0000000000000000
0.0000000000000000
0.0000000000000000
0.0000000000000000
0.0000000000000000
0.0000000000000000
0.0000000000000000
0.0000000000000000
0.0000000000000000
0.0000000000000000
0.0000000000000000
0.0000000000000000
0.0000000000000000
0.0000000000000000
0.0000000000000000
0.0000000000000000
0.0000000000000000
0.0000000000000000
0.0000000000000000
0.0000000000000000
0.0000000000000000
0.0000000000000000
0.0000000000000000
0.0000000000000000
0.0000000000000000
0.0000000000000000
0.0000000000000000
0.0000000000000000
0.0000000000000000
0.0000000000000000
0.0000000000000000
0.0000000000000000
0.0000000000000000
0.0000000000000000
0.0000000000000000
0.0000000000000000
0.0000000000000000
0.0000000000000000
0.0000000000000000
0.0000000000000000
0.0000000000000000
0.0000000000000000
0.0000000000000000
0.0000000000000000
0.0000000000000000
0.0000000000000000
0.0000000000000000
0.0000000000000000
0.0000000000000000
0.0000000000000000
0.0000000000000000
0.0000000000000000
0.0000000000000000
0.0000000000000000
0.0000000000000000
0.0000000000000000
0.0000000000000000
0.0000000000000000
0.0000000000000000
0.0000000000000000
0.0000000000000000
0.0000000000000000
0.0000000000000000
0.0000000000000000
0.0000000000000000
0.0000000000000000
0.0000000000000000
0.0000000000000000
0.0000000000000000
0.0000000000000000
0.0000000000000000
0.0000000000000000
0.0000000000000000
0.0000000000000000
0.0000000000000000
0.0000000000000000
0.0000000000000000
0.0000000000000000
0.0000000000000000
0.0000000000000000
0.0000000000000000
0.0000000000000000
0.0000000000000000
0.0000000000000000
0.0000000000000000
0.0000000000000000
0.0000000000000000
0.0000000000000000
0.0000000000000000
0.0000000000000000
0.0000000000000000
0.0000000000000000
0.0000000000000000
0.0000000000000000
0.0000000000000000
0.0000000000000000
0.0000000000000000
0.0000000000000000
0.0000000000000000
0.0000000000000000
0.0000000000000000
0.0000000000000000
0.0000000000000000
0.0000000000000000
0.0000000000000000
0.0000000000000000
0.0000000000000000
0.0000000000000000
0.0000000000000000
0.0000000000000000
0.0000000000000000
0.0000000000000000
0.0000000000000000
0.0000000000000000
0.0000000000000000
0.0000000000000000
0.0000000000000000
0.0000000000000000
0.0000000000000000
0.0000000000000000
0.0000000000000000
0.0000000000000000
0.0000000000000000
0.0000000000000000
0.0000000000000000
0.0000000000000000
0.0000000000000000
0.0000000000000000
0.0000000000000000
0.0000000000000000
0.0000000000000000
0.0000000000000000
0.0000000000000000
0.0000000000000000
0.0000000000000000
0.0000000000000000
0.0000000000000000
0.0000000000000000
0.0000000000000000
0.0000000000000000
0.0000000000000000
0.0000000000000000
0.0000000000000000
0.0000000000000000
0.0000000000000000
0.0000000000000000
0.0000000000000000
0.0000000000000000
0.0000000000000000
0.0000000000000000
0.0000000000000000
0.0000000000000000
0.0000000000000000
0.0000000000000000
0.0000000000000000
0.0000000000000000
0.0000000000000000
0.0000000000000000
0.0000000000000000
0.0000000000000000
0.0000000000000000
0.0000000000000000
0.0000000000000000
0.0000000000000000
0.0000000000000000
0.0000000000000000
0.0000000000000000
0.0000000000000000
0.0000000000000000
0.0000000000000000
0.0000000000000000
0.0000000000000000
0.0000000000000000
0.0000000000000000
0.0000000000000000
0.0000000000000000
0.0000000000000000
0.0000000000000000
0.0000000000000000
0.0000000000000000
0.0000000000000000
0.0000000000000000
0.0000000000000000
0.0000000000000000
0.0000000000000000
0.0000000000000000
0.0000000000000000
0.0000000000000000
0.0000000000000000
0.0000000000000000
0.0000000000000000
0.0000000000000000
0.0000000000000000
0.0000000000000000
0.0000000000000000
0.0000000000000000
0.0000000000000000
0.0000000000000000
0.0000000000000000
0.0000000000000000
0.0000000000000000
0.0000000000000000
0.0000000000000000
0.0000000000000000
0.0000000000000000
0.0000000000000000
0.0000000000000000
0.0000000000000000
0.0000000000000000
0.0000000000000000
0.0000000000000000
0.0000000000000000
0.0000000000000000
0.0000000000000000
0.0000000000000000
0.0000000000000000
0.0000000000000000
0.0000000000000000
0.0000000000000000
0.0000000000000000
0.0000000000000000
0.0000000000000000
0.0000000000000000
0.0000000000000000
0.0000000000000000
0.0000000000000000
0.0000000000000000
0.0000000000000000
0.0000000000000000
0.0000000000000000
0.0000000000000000
0.0000000000000000
0.0000000000000000
0.0000000000000000
0.0000000000000000
0.0000000000000000
0.0000000000000000
0.0000000000000000
0.0000000000000000
0.0000000000000000
0.0000000000000000
0.0000000000000000
0.0000000000000000
0.0000000000000000
0.0000000000000000
0.0000000000000000
0.0000000000000000
0.0000000000000000
0.0000000000000000
0.0000000000000000
0.0000000000000000
0.0000000000000000
0.0000000000000000
0.0000000000000000
0.0000000000000000
0.0000000000000000
0.0000000000000000
1.6323385577471123
1.5407866485296084
0.1494171065480699
-0.7296764417117275
-0.3966145549431773
0.0258436624908438
-0.4634308774364219
-1.1040171394432858
-0.4937906823705165
1.1508340129710217
1.9618195464988695
0.8398488086334828
-1.0041718206275450
-1.5762936922364650
-0.6168714252130663
0.3196182088602751
0.1842535779592195
-0.2170073852947719
0.3035335512905777
1.2951433269194994
1.1602484218957372
-0.4657504939990420
-1.9015628114182710
-1.4894978569462969
0.2390854420744228
1.2938771924052763
0.8220785882181280
-0.0137168355052373
0.0460281721594318
0.5218706771776648
0.0872400489180384
-1.1958435896575832
-1.6732709563229284
-0.3713759811805089
1.4578448527209400
1.8097821292768179
0.4764367722994527
-0.8101767111171198
-0.7651898331545125
-0.0995516586729980
-0.1649606854176162
-0.8108297343169222
-0.6295661064811269
0.7764510333147493
1.8828208980819305
1.1704755808879685
-0.7335654923627526
-1.7488549433944756
-0.9829864662857939
0.2836544909207062
0.5267673840451153
0.0093999578340790
0.0865578257257705
0.9449613655355374
1.1807000004587658
-0.0997316142089058
-1.7102638947195619
-1.7455610880391847
-0.0996827170481430
1.3533514762609133
1.1906534141866991
0.1344216011595862
-0.2371777280571661
0.2163506078619352
0.2009665729000353
-0.8230602426216319
-1.5754244864403824
-0.6916782475425381
1.1736094517603888
1.9652986152302669
0.8486615089451778
-0.7515136071289327
-1.0998550692971945
-0.3448208439252091
0.0314666507065797
-0.4557650323791253
-0.6281120007947849
0.4182030479317507
1.6757479641663235
1.4121334750228645
-0.3854773392723407
-1.7883927824000030
-1.3509391324540836
0.1136427375716236
0.7949218350612792
0.3275797537496602
-0.0038964049515489
0.5749184590345330
1.0633222760887469
0.2077838809034069
-1.4143862620648020
-1.8836451287377796
-0.4759364089539602
1.2735422694234906
1.5175194125296658
0.3981126897065227
-0.4129988150276886
-0.1436811186487052
0.1763201592068521
-0.4744187690171844
-1.3529103928048514
-0.9169472717363452
0.8187361238345656
1.9856084214665031
1.2146346574739635
-0.5612142952497018
-1.3534331375739705
-0.6756150700574934
0.0982024077986444
-0.0888910184975106
-0.4902448406524769
0.1256939378021003
1.3696186919634368
1.5317162368680663
-0.0077473773566697
-1.6889996625958417
-1.6695308322750582
-0.1672165161521810
0.9507086722970067
0.6927226244017772
0.0447035919363864
0.2369492636017889
0.8251090101478608
0.4145227509047316
-1.0549574760617677
-1.8848022768192902
-0.8378756410601143
1.0649519480624301
1.7568476241424333
0.7407988351478003
-0.4563903431259926
-0.5074282307195985
0.0171353102557953
-0.1985354586669007
-1.0372031209875541
-1.0164609460766323
0.4421659327416791
1.8678141068821095
1.5237678739800193
-0.2651425189040698
-1.4900401714853437
-1.0456695234485556
0.0256657518720149
0.2380805175685162
-0.2357835475571609
-0.0606321231965169
1.0072458821738857
1.5131201451824337
0.3476560202032473
-1.4641176764136734
-1.8944355201663712
-0.5202803636746416
0.9717716758875041
1.0534755162052512
0.2255182169555554
-0.0214816930082883
0.4998848822548259
0.4922508113946116
-0.6818543552792875
-1.7491549779680420
-1.1356931680348414
0.7560200940981209
1.8749997254658057
1.1149160121674901
-0.3607557174646392
-0.8235764032211850
-0.2540107905177921
-0.0338888280712221
-0.6727561423173495
-0.9770139371526108
0.0958601089389962
1.6282520684710780
1.7333877143798180
0.0961040201674610
-1.4900839414678551
-1.4032477608366798
-0.1763217141434418
0.4789970759926420
0.0992111580568271
-0.1151242448732794
0.6392736692114342
1.3594871321986226
0.6318749302184262
-1.1446661772811297
-1.9943739953923902
-0.8968461958866261
0.8545207404175231
1.3590948228782014
0.5132882472439856
-0.1639914882640007
0.1335939408061992
0.4307057408208667
-0.3468554954626575
-1.4958787636716750
-1.3285122702191887
0.3891620791513470
1.8552136123155329
1.4685190888286503
-0.1388653645035324
-1.0474409892285919
-0.5989431273003272
-0.0034598380170431
-0.3108098936504186
-0.8047570794573818
-0.1724377661285741
1.3002170000181228
1.8146797304243933
0.4728486162119868
-1.3529929244278485
-1.6983482289106389
-0.4799040229565060
0.5996941724788987
0.4674597701417837
-0.0304977989656416
0.3171231528932577
1.0927671227553164
0.8059674232858280
-0.7747349445176664
-1.9554708692372738
-1.2449356145904380
0.6146319654199124
1.5665146166889683
0.8678532666546309
-0.1703466934906858
-0.2221000876082770
0.2390265357054153
-0.0964288868984308
-1.1605312310245317
-1.3900805739207138
0.0148609212810022
1.6999382474933937
1.7525174070666774
0.1789220845027372
-1.1471912851237820
-0.9692063667367976
-0.1115308095776510
-0.0022543415827126
-0.5243405937017420
-0.3258520874069900
0.9293241817851541
1.7567021070804694
0.8132551539029100
-1.0972959253641410
-1.8896691262429146
-0.8430709730987349
0.5827542192779558
0.8170497067240376
0.1811508911970627
0.0858298044905085
0.7506605550357447
0.8463318807788297
-0.4054428024500172
-1.7831873060967371
-1.5165346399090029
0.2848641017497226
1.6463454342100259
1.2397457252815942
-0.0392817538206316
-0.5170101989122742
-0.0555194985764719
0.0347407389159341
-0.7900991183883586
-1.3124268052637653
-0.3153646235216654
1.4304925446587231
1.9275127555183307
0.5488885208349268
-1.1082843336275034
-1.3128143472976697
-0.3430889265387300
0.2094596352977093
-0.1754804733545807
-0.3435117224284971
0.5671556009648782
1.5679097703881422
1.0705484930535416
-0.7580411603586650
-1.9503614522683645
-1.2155098424406976
0.4299326836397903
1.0986663738509495
0.4900294885976602
-0.0222296549123302
0.3813669678379437
0.7479945165963479
-0.0878171440417277
-1.5015603215212217
-1.6742817027135575
-0.0895044928119557
1.5869680287619408
1.5770814160126125
0.2113247206480227
-0.7094168153838316
-0.4113349004122567
0.0285832391273989
-0.4364533837355822
-1.1069711180205788
-0.5561362406786450
1.0840958034897654
1.9692872541308108
0.9200459650398590
-0.9354906678089026
-1.5814913877327406
-0.6659174120830602
0.2943726525227727
0.1925736828697966
-0.2234571992557332
0.2640749527354402
1.2749766685061874
1.2095298958186667
-0.3819143041568945
-1.8717688848604004
-1.5456135833329570
0.1619135772364223
1.2724623484686859
0.8527995082409106
0.0081528970885603
0.0368711384938792
0.5253021754765467
0.1343138096902426
-1.1498545975353136
-1.6966718327085015
-0.4569827893781566
1.3961518592026425
1.8327865741598404
0.5469403085771218
-0.7718790377405227
-0.7782862925535736
-0.1138399036786065
-0.1491239463055455
-0.8029343347226678
-0.6745369169144215
0.7086833352115789
1.8721767275981038
1.2412388145335258
-0.6522298244661690
-1.7373967522956975
-1.0350830938245348
0.2401899574738033
0.5278988013336233
0.0170863642477306
0.0622123407201536
0.9190802737461617
1.2114799441199660
-0.0207355232849512
-1.6646335483907464
-1.7876693080665520
-0.1845716648759903
1.3136078523395556
1.2186130641502881
0.1728985984080919
-0.2342980357440878
0.2099239060416135
0.2304259572052311
-0.7770931933376561
-1.5810521361108127
-0.7670394042912734
1.0999728711847636
1.9711549170424614
0.9211888875930960
-0.6950569797460440
-1.1046876145588189
-0.3724834429122358
0.0315994817771252
-0.4432676823535446
-0.6546960302555852
0.3562294246578340
1.6498596809076114
1.4682694399432683
-0.2973081850953733
-1.7583956029800891
-1.3991952715798164
0.0539940105816334
0.7831308596702261
0.3441086069091360
-0.0104041422534906
0.5501658478043674
1.0767660060757123
0.2757586886673338
-1.3575997174326571
-1.9082257602059944
-0.5618605962671979
1.2157493758033573
1.5361956221037667
0.4492097552942564
-0.3938272769770974
-0.1535603248890397
0.1875510955226037
-0.4352289841414523
-1.3439913143746187
-0.9771412437646800
0.7391813161883951
1.9728212749495924
1.2823104871278201
-0.4890127615513342
-1.3444996328977350
-0.7111105316036954
0.0802794692648747
-0.0786699812378299
-0.5000000000000169
0.0000000000000000
0.0000000000000000
0.0000000000000000
0.0000000000000000
0.0000000000000000
0.0000000000000000
0.0000000000000000
0.0000000000000000
0.0000000000000000
0.0000000000000000
0.0000000000000000
0.0000000000000000
0.0000000000000000
0.0000000000000000
0.0000000000000000
0.0000000000000000
0.0000000000000000
0.0000000000000000
0.0000000000000000
0.0000000000000000
0.0000000000000000
0.0000000000000000
0.0000000000000000
0.0000000000000000
0.0000000000000000
0.0000000000000000
0.0000000000000000
0.0000000000000000
0.0000000000000000
0.0000000000000000
0.0000000000000000
0.0000000000000000
0.0000000000000000
0.0000000000000000
0.0000000000000000
0.0000000000000000
0.0000000000000000
0.0000000000000000
0.0000000000000000
0.0000000000000000
0.0000000000000000
0.0000000000000000
0.0000000000000000
0.0000000000000000
0.0000000000000000
0.0000000000000000
0.0000000000000000
0.0000000000000000
0.0000000000000000
0.0000000000000000
0.0000000000000000
0.0000000000000000
0.0000000000000000
0.0000000000000000
0.0000000000000000
0.0000000000000000
0.0000000000000000
0.0000000000000000
0.0000000000000000
0.0000000000000000
0.0000000000000000
0.0000000000000000
0.0000000000000000
0.0000000000000000
0.0000000000000000
0.0000000000000000
0.0000000000000000
0.0000000000000000
0.0000000000000000
0.0000000000000000
0.0000000000000000
0.0000000000000000
0.0000000000000000
0.0000000000000000
0.0000000000000000
0.0000000000000000
0.0000000000000000
0.0000000000000000
0.0000000000000000
0.0000000000000000
0.0000000000000000
0.0000000000000000
0.0000000000000000
0.0000000000000000
0.0000000000000000
0.0000000000000000
0.0000000000000000
0.0000000000000000
0.0000000000000000
0.0000000000000000
0.0000000000000000
0.0000000000000000
0.0000000000000000
0.0000000000000000
0.0000000000000000
0.0000000000000000
0.0000000000000000
0.0000000000000000
0.0000000000000000
0.0000000000000000
0.0000000000000000
0.0000000000000000
0.0000000000000000
0.0000000000000000
0.0000000000000000
0.0000000000000000
0.0000000000000000
0.0000000000000000
0.0000000000000000
0.0000000000000000
0.0000000000000000
0.0000000000000000
0.0000000000000000
0.0000000000000000
0.0000000000000000
0.0000000000000000
0.0000000000000000
0.0000000000000000
0.0000000000000000
0.0000000000000000
0.0000000000000000
0.0000000000000000
0.0000000000000000
0.0000000000000000
0.0000000000000000
0.0000000000000000
0.0000000000000000
0.0000000000000000
0.0000000000000000
0.0000000000000000
0.0000000000000000
0.0000000000000000
0.0000000000000000
0.0000000000000000
0.0000000000000000
0.0000000000000000
0.0000000000000000
0.0000000000000000
0.0000000000000000
0.0000000000000000
0.0000000000000000
0.0000000000000000
0.0000000000000000
0.0000000000000000
0.0000000000000000
0.0000000000000000
0.0000000000000000
0.0000000000000000
0.0000000000000000
0.0000000000000000
0.0000000000000000
0.0000000000000000
0.0000000000000000
0.0000000000000000
0.0000000000000000
0.0000000000000000
0.0000000000000000
0.0000000000000000
0.0000000000000000
0.0000000000000000
0.0000000000000000
0.0000000000000000
0.0000000000000000
0.0000000000000000
0.0000000000000000
0.0000000000000000
0.0000000000000000
0.0000000000000000
0.0000000000000000
0.0000000000000000
0.0000000000000000
0.0000000000000000
0.0000000000000000
0.0000000000000000
0.0000000000000000
0.0000000000000000
0.0000000000000000
0.0000000000000000
0.0000000000000000
0.0000000000000000
0.0000000000000000
0.0000000000000000
0.0000000000000000
0.0000000000000000
0.0000000000000000
0.0000000000000000
0.0000000000000000
0.0000000000000000
0.0000000000000000
0.0000000000000000
0.0000000000000000
0.0000000000000000
0.0000000000000000
0.0000000000000000
0.0000000000000000
0.0000000000000000
0.0000000000000000
0.0000000000000000
0.0000000000000000
0.0000000000000000
